0.892307043076 2.89 0.0
3.30537104607 2.889 0.0
5.69641590118 2.889 0.0
8.10025596619 2.889 0.0
10.4918520451 2.889 0.0
12.9059479237 2.889 0.0
15.2978088856 2.889 0.0
17.6943368912 2.889 0.0
20.0936279297 2.889 0.0
22.5059869289 2.889 0.0
24.9098329544 2.889 0.0
27.2955269814 2.889 0.0
29.705108881 2.888 0.0
32.1023280621 2.888 0.0
34.5029959679 2.888 0.0
36.8982470036 2.888 0.0
39.302795887 2.888 0.0
41.6987349987 2.888 0.0
44.1055920124 2.888 0.0
46.5009660721 2.888 0.0
48.896337986 2.888 0.0
51.2990059853 2.888 0.0
53.697232008 2.888 0.0
56.0943238735 2.888 0.0
58.5045220852 2.888 0.0
60.8976120949 2.887 0.0
63.2941379547 2.887 0.0
65.703346014 2.887 0.0
68.1011779308 2.887 0.0
70.5059309006 2.887 0.0
72.8994100094 2.887 0.0
75.3036270142 2.887 0.0
77.6982090473 2.887 0.0
80.0973870754 2.887 0.0
82.5013790131 2.887 0.0
84.8999328613 2.887 0.0
87.299849987 2.886 0.0
89.7011640072 2.886 0.0
92.1042289734 2.886 0.0
94.4976320267 2.886 0.0
96.8976130486 2.886 0.0
99.2987589836 2.886 0.0
101.698858976 2.886 0.0
104.098814011 2.886 0.0
106.4991889 2.886 0.0
108.898271084 2.886 0.0
111.299208879 2.886 0.0
113.700536013 2.886 0.0
116.105707884 2.885 0.0
118.506772041 2.885 0.0
120.894176006 2.885 0.0
123.303086996 2.885 0.0
125.700736046 2.885 0.0
128.099896908 2.885 0.0
130.498522043 2.885 0.0
132.900460958 2.885 0.0
135.296585083 2.885 0.0
137.70245409 2.885 0.0
140.100463867 2.885 0.0
142.497438908 2.884 0.0
144.9028759 2.885 0.0
147.294328928 2.884 0.0
149.700198889 2.884 0.0
152.105244875 2.884 0.0
154.500137091 2.884 0.0
156.899303913 2.884 0.0
159.293791056 2.884 0.0
161.694169998 2.884 0.0
164.099020958 2.884 0.0
166.499959946 2.884 0.0
168.901576042 2.884 0.0
171.295362949 2.884 0.0
173.697443962 2.883 0.0
176.108609915 2.883 0.0
178.49526 2.883 0.0
180.901987076 2.883 0.0
183.309964895 2.883 0.0
185.70678401 2.883 0.0
188.102164984 2.883 0.0
190.505464077 2.883 0.0
192.897958994 2.883 0.0
195.303070068 2.883 0.0
197.698417902 2.883 0.0
200.096016884 2.882 0.0
202.498068094 2.883 0.0
204.89350009 2.883 0.0
207.300080061 2.882 0.0
209.698634863 2.882 0.0
212.098620892 2.882 0.0
214.505886078 2.882 0.0
216.900601864 2.882 0.0
219.295906067 2.882 0.0
221.704032898 2.882 0.0
224.099718094 2.882 0.0
226.506182909 2.882 0.0
228.902683973 2.882 0.0
231.295804024 2.882 0.0
233.700367928 2.882 0.0
236.094269991 2.882 0.0
238.499218941 2.881 0.0
240.901952982 2.881 0.0
243.297411919 2.881 0.0
245.700960875 2.881 0.0
248.107452869 2.881 0.0
250.495577097 2.881 0.0
252.896918058 2.881 0.0
255.304101944 2.881 0.0
257.691498041 2.881 0.0
260.094560862 2.881 0.0
262.501360893 2.881 0.0
264.895323038 2.881 0.0
267.295259953 2.881 0.0
269.696026087 2.881 0.0
272.100607872 2.88 0.0
274.496243954 2.88 0.0
276.901759863 2.88 0.0
279.302232027 2.88 0.0
281.701994896 2.88 0.0
284.095879078 2.88 0.0
286.495743036 2.88 0.0
288.894933939 2.88 0.0
291.305998087 2.88 0.0
293.697459936 2.88 0.0
296.098654985 2.88 0.0
298.503124952 2.88 0.0
300.900882959 2.879 0.555555555556
303.296310902 2.953 0.555555555556
305.706335068 3.108 0.555555555556
308.105784893 3.243 0.555555555556
310.503130913 3.362 0.555555555556
312.896554947 3.466 0.555555555556
315.305413961 3.561 0.555555555556
317.702116013 3.646 0.555555555556
320.101806879 3.725 0.555555555556
322.499031067 3.798 0.555555555556
324.89664197 3.866 0.555555555556
327.295243979 3.929 0.555555555556
329.708198071 3.989 0.555555555556
332.098005056 4.044 0.555555555556
334.505079031 4.096 0.555555555556
336.901211977 4.146 0.555555555556
339.299565077 4.194 0.555555555556
341.704725027 4.238 0.555555555556
344.102016926 4.28 0.555555555556
346.50328207 4.32 0.555555555556
348.89763689 4.359 0.555555555556
351.298263073 4.396 0.555555555556
353.697587967 4.431 0.555555555556
356.098744869 4.464 0.555555555556
358.496739864 4.497 0.555555555556
360.900028944 4.528 0.555555555556
363.292846918 4.558 0.555555555556
365.695236921 4.587 0.555555555556
368.105163097 4.614 0.555555555556
370.492678881 4.641 0.555555555556
372.892729998 4.667 0.555555555556
375.300632 4.692 0.555555555556
377.695256948 4.716 0.555555555556
380.101063967 4.739 0.555555555556
382.495857 4.762 0.555555555556
384.891244888 4.784 0.555555555556
387.298103094 4.806 0.555555555556
389.695868969 4.826 0.555555555556
392.098957062 4.846 0.555555555556
394.493192911 4.866 0.555555555556
396.899944067 4.885 0.555555555556
399.299866915 4.904 0.555555555556
401.697406054 4.922 0.555555555556
404.101526976 4.939 0.555555555556
406.501026869 4.957 0.555555555556
408.90624404 4.973 0.555555555556
411.294296026 4.99 0.555555555556
413.706274986 5.006 0.555555555556
416.095052004 5.021 0.555555555556
418.507140875 5.037 0.555555555556
420.902508974 5.051 0.555555555556
423.294687033 5.066 0.555555555556
425.694213867 5.08 0.555555555556
428.097774029 5.094 0.555555555556
430.501538992 5.108 0.555555555556
432.894865036 5.121 0.555555555556
435.298599958 5.134 0.555555555556
437.694288969 5.147 0.555555555556
440.089554071 5.159 0.555555555556
442.498396873 5.172 0.555555555556
444.894517899 5.184 0.555555555556
447.298147917 5.196 0.555555555556
449.694885015 5.208 0.555555555556
452.099547863 5.219 0.555555555556
454.505209923 5.23 0.555555555556
456.903167009 5.241 0.555555555556
459.30065608 5.252 0.555555555556
461.692667961 5.262 0.555555555556
464.097174883 5.273 0.555555555556
466.502542973 5.283 0.555555555556
468.897686005 5.293 0.555555555556
471.298060894 5.303 0.555555555556
473.702535868 5.313 0.555555555556
476.098372936 5.323 0.555555555556
478.50524807 5.332 0.555555555556
480.900532007 5.341 0.555555555556
483.297175884 5.351 0.555555555556
485.70512104 5.36 0.555555555556
488.099830866 5.368 0.555555555556
490.490850925 5.377 0.555555555556
492.898536921 5.386 0.555555555556
495.295433044 5.394 0.555555555556
497.700742006 5.403 0.555555555556
500.094573021 5.411 0.555555555556
502.497410059 5.419 0.555555555556
504.897094965 5.427 0.555555555556
507.305480003 5.435 0.555555555556
509.694797039 5.443 0.555555555556
512.099631071 5.451 0.555555555556
514.498750925 5.458 0.555555555556
516.905200005 5.466 0.555555555556
519.300270081 5.473 0.555555555556
521.699203014 5.48 0.555555555556
524.099619865 5.487 0.555555555556
526.498662949 5.494 0.555555555556
528.90089798 5.501 0.555555555556
531.298418999 5.508 0.555555555556
533.706111908 5.515 0.555555555556
536.09535408 5.522 0.555555555556
538.497199059 5.528 0.555555555556
540.895490885 5.535 0.555555555556
543.301970959 5.541 0.555555555556
545.704357862 5.548 0.555555555556
548.097722054 5.554 0.555555555556
550.505552053 5.561 0.555555555556
552.89795804 5.567 0.555555555556
555.303520918 5.573 0.555555555556
557.699235916 5.579 0.555555555556
560.09186697 5.585 0.555555555556
562.502974987 5.591 0.555555555556
564.90544796 5.597 0.555555555556
567.289347887 5.602 0.555555555556
569.695139885 5.608 0.555555555556
572.090939045 5.614 0.555555555556
574.494536877 5.619 0.555555555556
576.891278982 5.625 0.555555555556
579.295614958 5.63 0.555555555556
581.695628881 5.636 0.555555555556
584.102375984 5.641 0.555555555556
586.501385927 5.646 0.555555555556
588.897531033 5.652 0.555555555556
591.292608976 5.657 0.555555555556
593.696585894 5.662 0.555555555556
596.097205877 5.667 0.555555555556
598.492563009 5.672 0.555555555556
600.900830984 5.677 0.555555555556
603.294486046 5.682 1.11111111111
605.698702097 5.699 1.11111111111
608.095427036 5.738 1.11111111111
610.490873098 5.778 1.11111111111
612.894413948 5.818 1.11111111111
615.301177979 5.856 1.11111111111
617.696836948 5.892 1.11111111111
620.103904963 5.928 1.11111111111
622.492125034 5.962 1.11111111111
624.89925909 5.995 1.11111111111
627.297616005 6.027 1.11111111111
629.690677881 6.058 1.11111111111
632.105195999 6.088 1.11111111111
634.498494864 6.118 1.11111111111
636.890712976 6.146 1.11111111111
639.298103094 6.174 1.11111111111
641.694683075 6.201 1.11111111111
644.100668907 6.227 1.11111111111
646.498023033 6.252 1.11111111111
648.900482893 6.277 1.11111111111
651.301713943 6.301 1.11111111111
653.696268082 6.325 1.11111111111
656.101464033 6.348 1.11111111111
658.494754076 6.371 1.11111111111
660.897897959 6.393 1.11111111111
663.301568985 6.414 1.11111111111
665.697809935 6.435 1.11111111111
668.100631952 6.456 1.11111111111
670.502511024 6.475 1.11111111111
672.904404879 6.495 1.11111111111
675.298424006 6.514 1.11111111111
677.698905945 6.533 1.11111111111
680.097790003 6.552 1.11111111111
682.502454996 6.57 1.11111111111
684.898868084 6.587 1.11111111111
687.296308041 6.605 1.11111111111
689.701828957 6.622 1.11111111111
692.098865032 6.639 1.11111111111
694.492171049 6.655 1.11111111111
696.896209955 6.671 1.11111111111
699.289897919 6.687 1.11111111111
701.694540024 6.703 1.11111111111
704.096240997 6.718 1.11111111111
706.496062994 6.732 1.11111111111
708.897938967 6.747 1.11111111111
711.29379487 6.761 1.11111111111
713.693166971 6.775 1.11111111111
716.097573042 6.789 1.11111111111
718.492322922 6.802 1.11111111111
720.898716927 6.816 1.11111111111
723.295633078 6.829 1.11111111111
725.696573019 6.842 1.11111111111
728.101737976 6.855 1.11111111111
730.495316982 6.868 1.11111111111
732.895045996 6.881 1.11111111111
735.296591043 6.893 1.11111111111
737.698246956 6.905 1.11111111111
740.093719006 6.918 1.11111111111
742.498765945 6.929 1.11111111111
744.895951033 6.941 1.11111111111
747.297307968 6.953 1.11111111111
749.698132992 6.964 1.11111111111
752.101232052 6.976 1.11111111111
754.496888876 6.987 1.11111111111
756.892550945 6.998 1.11111111111
759.297713041 7.009 1.11111111111
761.700514078 7.02 1.11111111111
764.097930908 7.031 1.11111111111
766.502408981 7.042 1.11111111111
768.897420883 7.053 1.11111111111
771.302062988 7.063 1.11111111111
773.696245909 7.074 1.11111111111
776.102674007 7.084 1.11111111111
778.506093025 7.094 1.11111111111
780.902065992 7.104 1.11111111111
783.297472954 7.114 1.11111111111
785.695415974 7.124 1.11111111111
788.094096899 7.133 1.11111111111
790.497364998 7.143 1.11111111111
792.89756608 7.153 1.11111111111
795.29342103 7.162 1.11111111111
797.697145939 7.171 1.11111111111
800.09513092 7.18 1.11111111111
802.498806953 7.189 1.11111111111
804.898653984 7.198 1.11111111111
807.292797089 7.207 1.11111111111
809.696297884 7.216 1.11111111111
812.103359938 7.225 1.11111111111
814.491205931 7.233 1.11111111111
816.902641058 7.241 1.11111111111
819.298286915 7.25 1.11111111111
821.693818092 7.258 1.11111111111
824.094196081 7.266 1.11111111111
826.503608942 7.274 1.11111111111
828.89805603 7.282 1.11111111111
831.302769899 7.29 1.11111111111
833.698724031 7.298 1.11111111111
836.106595993 7.306 1.11111111111
838.501945972 7.314 1.11111111111
840.895679951 7.321 1.11111111111
843.298917055 7.329 1.11111111111
845.692044973 7.336 1.11111111111
848.094861031 7.344 1.11111111111
850.499300003 7.351 1.11111111111
852.900142908 7.358 1.11111111111
855.294205904 7.365 1.11111111111
857.697244883 7.373 1.11111111111
860.090327978 7.379 1.11111111111
862.497719049 7.386 1.11111111111
864.900000095 7.393 1.11111111111
867.297765017 7.4 1.11111111111
869.698649883 7.407 1.11111111111
872.093318939 7.414 1.11111111111
874.492737055 7.42 1.11111111111
876.895580053 7.427 1.11111111111
879.293435097 7.433 1.11111111111
881.695558071 7.44 1.11111111111
884.094280958 7.446 1.11111111111
886.497885942 7.453 1.11111111111
888.892137051 7.459 1.11111111111
891.296015978 7.465 1.11111111111
893.691586971 7.471 1.11111111111
896.098011017 7.477 1.11111111111
898.501816034 7.484 1.11111111111
900.882612944 7.49 1.11111111111
903.291328907 7.496 1.11111111111
905.697314978 7.502 1.66666666667
908.091140985 7.513 1.66666666667
910.494385004 7.534 1.66666666667
912.888714075 7.557 1.66666666667
915.298407078 7.581 1.66666666667
917.694191933 7.604 1.66666666667
920.092093945 7.626 1.66666666667
922.490978956 7.649 1.66666666667
924.89953208 7.67 1.66666666667
927.296252966 7.692 1.66666666667
929.693777084 7.713 1.66666666667
932.100997925 7.733 1.66666666667
934.490084887 7.753 1.66666666667
936.895574093 7.773 1.66666666667
939.295337915 7.792 1.66666666667
941.695065022 7.811 1.66666666667
944.097663879 7.829 1.66666666667
946.493375063 7.848 1.66666666667
948.898216009 7.866 1.66666666667
951.292195082 7.883 1.66666666667
953.690288067 7.901 1.66666666667
956.09559989 7.917 1.66666666667
958.495835066 7.934 1.66666666667
960.895514011 7.951 1.66666666667
963.293070078 7.967 1.66666666667
965.690450907 7.983 1.66666666667
968.105201006 7.998 1.66666666667
970.498051882 8.014 1.66666666667
972.895521879 8.03 1.66666666667
975.290566921 8.046 1.66666666667
977.692404032 8.062 1.66666666667
980.09484601 8.077 1.66666666667
982.497269869 8.092 1.66666666667
984.89407897 8.107 1.66666666667
987.295739889 8.121 1.66666666667
989.689471006 8.136 1.66666666667
992.093607903 8.15 1.66666666667
994.501826048 8.164 1.66666666667
996.907196045 8.177 1.66666666667
999.299366951 8.191 1.66666666667
1001.69741392 8.205 1.66666666667
1004.09140205 8.218 1.66666666667
1006.49654698 8.231 1.66666666667
1008.88983202 8.244 1.66666666667
1011.30398297 8.256 1.66666666667
1013.69074297 8.269 1.66666666667
1016.09706402 8.281 1.66666666667
1018.496907 8.294 1.66666666667
1020.9025259 8.306 1.66666666667
1023.29700708 8.318 1.66666666667
1025.69501305 8.33 1.66666666667
1028.0974369 8.341 1.66666666667
1030.50337386 8.353 1.66666666667
1032.89521003 8.364 1.66666666667
1035.30497408 8.376 1.66666666667
1037.70042491 8.387 1.66666666667
1040.08994007 8.398 1.66666666667
1042.50435495 8.409 1.66666666667
1044.89471197 8.42 1.66666666667
1047.29161787 8.43 1.66666666667
1049.69859695 8.441 1.66666666667
1052.09470201 8.451 1.66666666667
1054.49821591 8.462 1.66666666667
1056.90278602 8.472 1.66666666667
1059.29943204 8.482 1.66666666667
1061.69793797 8.492 1.66666666667
1064.08906293 8.502 1.66666666667
1066.49687791 8.512 1.66666666667
1068.901757 8.522 1.66666666667
1071.28855491 8.533 1.66666666667
1073.69774199 8.543 1.66666666667
1076.09509897 8.553 1.66666666667
1078.50123787 8.562 1.66666666667
1080.90027094 8.572 1.66666666667
1083.29528689 8.582 1.66666666667
1085.70334291 8.591 1.66666666667
1088.09669209 8.601 1.66666666667
1090.50676203 8.61 1.66666666667
1092.89138889 8.62 1.66666666667
1095.29600596 8.629 1.66666666667
1097.69532704 8.638 1.66666666667
1100.09660196 8.647 1.66666666667
1102.48831391 8.656 1.66666666667
1104.8945539 8.665 1.66666666667
1107.29685807 8.674 1.66666666667
1109.694731 8.682 1.66666666667
1112.09913492 8.691 1.66666666667
1114.49558806 8.7 1.66666666667
1116.90035701 8.708 1.66666666667
1119.29804206 8.717 1.66666666667
1121.69178891 8.725 1.66666666667
1124.0931201 8.733 1.66666666667
1126.49522591 8.741 1.66666666667
1128.89550591 8.749 1.66666666667
1131.29025698 8.757 1.66666666667
1133.69508791 8.765 1.66666666667
1136.09826303 8.773 1.66666666667
1138.4925499 8.781 1.66666666667
1140.89888 8.789 1.66666666667
1143.29884291 8.796 1.66666666667
1145.70480895 8.804 1.66666666667
1148.09969902 8.812 1.66666666667
1150.49712896 8.819 1.66666666667
1152.88049197 8.827 1.66666666667
1155.29043198 8.834 1.66666666667
1157.69407105 8.841 1.66666666667
1160.09845996 8.848 1.66666666667
1162.49804091 8.856 1.66666666667
1164.90334392 8.863 1.66666666667
1167.29631209 8.87 1.66666666667
1169.70492887 8.877 1.66666666667
1172.09529591 8.884 1.66666666667
1174.50125003 8.891 1.66666666667
1176.89100409 8.898 1.66666666667
1179.29645395 8.904 1.66666666667
1181.70384789 8.911 1.66666666667
1184.09219599 8.918 1.66666666667
1186.50252604 8.925 1.66666666667
1188.90173507 8.931 1.66666666667
1191.2902739 8.938 1.66666666667
1193.7003839 8.944 1.66666666667
1196.09802794 8.951 1.66666666667
1198.49962687 8.957 1.66666666667
1200.89825487 8.964 1.66666666667
1203.30175495 8.97 1.66666666667
1205.700248 8.976 1.66666666667
1208.10191989 8.982 2.22222222222
1210.49756694 8.991 2.22222222222
1212.89599991 9.007 2.22222222222
1215.29594207 9.024 2.22222222222
1217.69488692 9.042 2.22222222222
1220.10274601 9.059 2.22222222222
1222.49352002 9.077 2.22222222222
1224.893471 9.094 2.22222222222
1227.2939589 9.111 2.22222222222
1229.70061588 9.128 2.22222222222
1232.09511399 9.145 2.22222222222
1234.49111509 9.162 2.22222222222
1236.89438796 9.178 2.22222222222
1239.29240799 9.194 2.22222222222
1241.68774986 9.21 2.22222222222
1244.09294295 9.225 2.22222222222
1246.49033904 9.241 2.22222222222
1248.89670897 9.256 2.22222222222
1251.29221392 9.271 2.22222222222
1253.69975901 9.286 2.22222222222
1256.09638596 9.3 2.22222222222
1258.48654294 9.315 2.22222222222
1260.90292907 9.329 2.22222222222
1263.30392504 9.343 2.22222222222
1265.69197702 9.357 2.22222222222
1268.08816004 9.37 2.22222222222
1270.50108099 9.384 2.22222222222
1272.89792109 9.397 2.22222222222
1275.30133891 9.41 2.22222222222
1277.69970798 9.423 2.22222222222
1280.09863997 9.436 2.22222222222
1282.49762392 9.449 2.22222222222
1284.89617705 9.462 2.22222222222
1287.29608393 9.474 2.22222222222
1289.689008 9.486 2.22222222222
1292.09703588 9.499 2.22222222222
1294.49478388 9.511 2.22222222222
1296.89185596 9.524 2.22222222222
1299.29589295 9.536 2.22222222222
1301.69718409 9.549 2.22222222222
1304.07981205 9.561 2.22222222222
1306.49326491 9.573 2.22222222222
1308.89736891 9.585 2.22222222222
1311.30232191 9.597 2.22222222222
1313.69819593 9.609 2.22222222222
1316.09621406 9.62 2.22222222222
1318.49492502 9.632 2.22222222222
1320.89896297 9.643 2.22222222222
1323.29646301 9.654 2.22222222222
1325.69657993 9.665 2.22222222222
1328.09415293 9.676 2.22222222222
1330.49976087 9.687 2.22222222222
1332.89744902 9.698 2.22222222222
1335.2907939 9.709 2.22222222222
1337.69373202 9.719 2.22222222222
1340.09449506 9.73 2.22222222222
1342.49053288 9.74 2.22222222222
1344.89348793 9.751 2.22222222222
1347.29480195 9.761 2.22222222222
1349.69790101 9.771 2.22222222222
1352.09880495 9.781 2.22222222222
1354.49954009 9.791 2.22222222222
1356.89214993 9.801 2.22222222222
1359.29664087 9.811 2.22222222222
1361.69328499 9.82 2.22222222222
1364.08821201 9.83 2.22222222222
1366.49312091 9.84 2.22222222222
1368.89971209 9.849 2.22222222222
1371.29530096 9.858 2.22222222222
1373.69623899 9.868 2.22222222222
1376.09317398 9.877 2.22222222222
1378.50150204 9.886 2.22222222222
1380.89500594 9.895 2.22222222222
1383.29723597 9.904 2.22222222222
1385.69537687 9.913 2.22222222222
1388.0881989 9.922 2.22222222222
1390.49264097 9.931 2.22222222222
1392.89130402 9.939 2.22222222222
1395.30147409 9.948 2.22222222222
1397.70060802 9.956 2.22222222222
1400.08993006 9.965 2.22222222222
1402.486166 9.973 2.22222222222
1404.89009809 9.981 2.22222222222
1407.29112506 9.99 2.22222222222
1409.69445801 9.998 2.22222222222
1412.0895021 10.007 2.22222222222
1414.49486494 10.015 2.22222222222
1416.90004492 10.024 2.22222222222
1419.29036689 10.032 2.22222222222
1421.6891849 10.04 2.22222222222
1424.09482789 10.049 2.22222222222
1426.49549794 10.057 2.22222222222
1428.90029907 10.065 2.22222222222
1431.2908659 10.073 2.22222222222
1433.69506097 10.081 2.22222222222
1436.09053302 10.089 2.22222222222
1438.49000692 10.097 2.22222222222
1440.89845109 10.105 2.22222222222
1443.28977489 10.113 2.22222222222
1445.69626689 10.12 2.22222222222
1448.09340405 10.128 2.22222222222
1450.49539089 10.136 2.22222222222
1452.89548397 10.144 2.22222222222
1455.29377508 10.151 2.22222222222
1457.69476604 10.159 2.22222222222
1460.09510803 10.166 2.22222222222
1462.49668288 10.173 2.22222222222
1464.89772487 10.181 2.22222222222
1467.29791999 10.188 2.22222222222
1469.69498491 10.195 2.22222222222
1472.08993793 10.203 2.22222222222
1474.48753905 10.21 2.22222222222
1476.89512491 10.217 2.22222222222
1479.28991604 10.224 2.22222222222
1481.69636202 10.231 2.22222222222
1484.09437704 10.238 2.22222222222
1486.48565388 10.245 2.22222222222
1488.89396691 10.252 2.22222222222
1491.30364108 10.259 2.22222222222
1493.69772601 10.266 2.22222222222
1496.0949049 10.272 2.22222222222
1498.49427795 10.279 2.22222222222
1500.8930459 10.286 2.22222222222
1503.28846407 10.293 2.22222222222
1505.69906998 10.299 2.22222222222
1508.09468007 10.306 2.77777777778
1510.49416494 10.314 2.77777777778
1512.89818788 10.326 2.77777777778
1515.29199004 10.339 2.77777777778
1517.69387603 10.353 2.77777777778
1520.0896771 10.368 2.77777777778
1522.49609303 10.382 2.77777777778
1524.88988709 10.396 2.77777777778
1527.28978109 10.41 2.77777777778
1529.69187999 10.423 2.77777777778
1532.08832002 10.437 2.77777777778
1534.49013686 10.45 2.77777777778
1536.88997388 10.464 2.77777777778
1539.28799605 10.477 2.77777777778
1541.69193292 10.49 2.77777777778
1544.096457 10.503 2.77777777778
1546.47707391 10.517 2.77777777778
1548.89842701 10.53 2.77777777778
1551.29516602 10.543 2.77777777778
1553.68626809 10.557 2.77777777778
1556.0999589 10.569 2.77777777778
1558.49587607 10.582 2.77777777778
1560.88965201 10.595 2.77777777778
1563.29567695 10.607 2.77777777778
1565.69052792 10.62 2.77777777778
1568.08667088 10.632 2.77777777778
1570.49437308 10.645 2.77777777778
1572.8952949 10.657 2.77777777778
1575.295398 10.669 2.77777777778
1577.69644594 10.68 2.77777777778
1580.09061003 10.692 2.77777777778
1582.49439907 10.704 2.77777777778
1584.89984202 10.715 2.77777777778
1587.301373 10.727 2.77777777778
1589.69639087 10.738 2.77777777778
1592.09372807 10.749 2.77777777778
1594.49100304 10.761 2.77777777778
1596.89946103 10.772 2.77777777778
1599.2871449 10.783 2.77777777778
1601.69669199 10.793 2.77777777778
1604.09364891 10.804 2.77777777778
1606.50193906 10.815 2.77777777778
1608.89958692 10.825 2.77777777778
1611.29488206 10.836 2.77777777778
1613.6937511 10.846 2.77777777778
1616.09807992 10.857 2.77777777778
1618.48815298 10.867 2.77777777778
1620.89373088 10.877 2.77777777778
1623.29310703 10.887 2.77777777778
1625.68871307 10.897 2.77777777778
1628.09492707 10.907 2.77777777778
1630.493752 10.917 2.77777777778
1632.8981719 10.927 2.77777777778
1635.29325104 10.936 2.77777777778
1637.69336104 10.946 2.77777777778
1640.09086895 10.955 2.77777777778
1642.48529696 10.965 2.77777777778
1644.90213895 10.974 2.77777777778
1647.29948497 10.984 2.77777777778
1649.69849896 10.993 2.77777777778
1652.09537196 11.002 2.77777777778
1654.50119686 11.012 2.77777777778
1656.89475393 11.021 2.77777777778
1659.29420495 11.03 2.77777777778
1661.68863606 11.04 2.77777777778
1664.103127 11.049 2.77777777778
1666.49855995 11.058 2.77777777778
1668.89015698 11.067 2.77777777778
1671.28803205 11.076 2.77777777778
1673.69762993 11.085 2.77777777778
1676.103513 11.094 2.77777777778
1678.48835588 11.103 2.77777777778
1680.89472604 11.112 2.77777777778
1683.2974689 11.121 2.77777777778
1685.69209194 11.13 2.77777777778
1688.08612394 11.138 2.77777777778
1690.49274802 11.147 2.77777777778
1692.88954186 11.155 2.77777777778
1695.29530907 11.164 2.77777777778
1697.69552994 11.172 2.77777777778
1700.09738994 11.181 2.77777777778
1702.49275088 11.189 2.77777777778
1704.89682603 11.197 2.77777777778
1707.290766 11.205 2.77777777778
1709.69751596 11.213 2.77777777778
1712.08872008 11.221 2.77777777778
1714.49289489 11.23 2.77777777778
1716.89671087 11.238 2.77777777778
1719.29086804 11.246 2.77777777778
1721.69120097 11.253 2.77777777778
1724.08891892 11.261 2.77777777778
1726.49474788 11.269 2.77777777778
1728.88988996 11.277 2.77777777778
1731.29736304 11.284 2.77777777778
1733.70236802 11.292 2.77777777778
1736.09208989 11.3 2.77777777778
1738.48749804 11.307 2.77777777778
1740.89313388 11.315 2.77777777778
1743.2924521 11.322 2.77777777778
1745.69252992 11.329 2.77777777778
1748.09822798 11.337 2.77777777778
1750.491992 11.344 2.77777777778
1752.88864803 11.352 2.77777777778
1755.29291606 11.359 2.77777777778
1757.69274998 11.366 2.77777777778
1760.09204507 11.373 2.77777777778
1762.49369502 11.38 2.77777777778
1764.90023708 11.387 2.77777777778
1767.28978705 11.394 2.77777777778
1769.69583392 11.401 2.77777777778
1772.10278487 11.408 2.77777777778
1774.48589301 11.415 2.77777777778
1776.89672899 11.422 2.77777777778
1779.29284501 11.429 2.77777777778
1781.70178509 11.436 2.77777777778
1784.08983302 11.442 2.77777777778
1786.49344301 11.449 2.77777777778
1788.89223909 11.456 2.77777777778
1791.29487991 11.462 2.77777777778
1793.69873309 11.469 2.77777777778
1796.08477998 11.476 2.77777777778
1798.49155307 11.482 2.77777777778
1800.88695598 11.489 2.77777777778
1803.26013494 1.14 2.77777777778
1805.69276905 11.502 2.77777777778
1808.08866 11.508 2.77777777778
1810.49268603 11.515 3.33333333333
1812.88799095 11.523 3.33333333333
1815.29487205 11.533 3.33333333333
1817.69903207 11.546 3.33333333333
1820.09644389 11.558 3.33333333333
1822.49485207 11.571 3.33333333333
1824.88516998 11.583 3.33333333333
1827.30214596 11.596 3.33333333333
1829.69516492 11.608 3.33333333333
1832.10210204 11.621 3.33333333333
1834.49153209 11.633 3.33333333333
1836.88876987 11.645 3.33333333333
1839.28712296 11.658 3.33333333333
1841.69372487 11.67 3.33333333333
1844.08761001 11.682 3.33333333333
1846.4929049 11.694 3.33333333333
1848.89551187 11.706 3.33333333333
1851.29470706 11.717 3.33333333333
1853.69142795 11.729 3.33333333333
1856.09744191 11.741 3.33333333333
1858.4920671 11.752 3.33333333333
1860.89773989 11.763 3.33333333333
1863.29019904 11.775 3.33333333333
1865.68547297 11.786 3.33333333333
1868.09068608 11.797 3.33333333333
1870.48857403 11.808 3.33333333333
1872.89277887 11.819 3.33333333333
1875.29987907 11.83 3.33333333333
1877.69475389 11.84 3.33333333333
1880.09140587 11.851 3.33333333333
1882.49842501 11.862 3.33333333333
1884.90297294 11.872 3.33333333333
1887.29480195 11.883 3.33333333333
1889.69872499 11.893 3.33333333333
1892.09456992 11.903 3.33333333333
1894.49123907 11.913 3.33333333333
1896.88779187 11.924 3.33333333333
1899.29327393 11.934 3.33333333333
1901.68843699 11.943 3.33333333333
1904.09337497 11.953 3.33333333333
1906.4942379 11.963 3.33333333333
1908.89095592 11.973 3.33333333333
1911.29804802 11.983 3.33333333333
1913.69290304 11.993 3.33333333333
1916.09474397 12.002 3.33333333333
1918.49197602 12.012 3.33333333333
1920.89316797 12.022 3.33333333333
1923.2875371 12.032 3.33333333333
1925.69272208 12.042 3.33333333333
1928.10145092 12.051 3.33333333333
1930.49180508 12.061 3.33333333333
1932.8905921 12.071 3.33333333333
1935.28834391 12.08 3.33333333333
1937.695261 12.09 3.33333333333
1940.08978295 12.099 3.33333333333
1942.49739003 12.108 3.33333333333
1944.89226389 12.117 3.33333333333
1947.30012298 12.127 3.33333333333
1949.69889808 12.136 3.33333333333
1952.0929389 12.145 3.33333333333
1954.49173403 12.154 3.33333333333
1956.88502288 12.163 3.33333333333
1959.29496503 12.172 3.33333333333
1961.69942307 12.181 3.33333333333
1964.09335995 12.19 3.33333333333
1966.49772501 12.198 3.33333333333
1968.89254403 12.207 3.33333333333
1971.28498292 12.216 3.33333333333
1973.69416094 12.224 3.33333333333
1976.09733796 12.233 3.33333333333
1978.49361396 12.241 3.33333333333
1980.88724089 12.25 3.33333333333
1983.29103208 12.258 3.33333333333
1985.69824886 12.266 3.33333333333
1988.09021807 12.275 3.33333333333
1990.48854804 12.283 3.33333333333
1992.88937187 12.291 3.33333333333
1995.29650903 12.299 3.33333333333
1997.6934011 12.307 3.33333333333
2000.09400392 12.315 3.33333333333
2002.48544502 12.323 3.33333333333
2004.89044905 12.331 3.33333333333
2007.28977108 12.339 3.33333333333
2009.68917799 12.347 3.33333333333
2012.0923059 12.355 3.33333333333
2014.49678087 12.362 3.33333333333
2016.90054798 12.37 3.33333333333
2019.29601407 12.378 3.33333333333
2021.686589 12.386 3.33333333333
2024.08933091 12.393 3.33333333333
2026.50167608 12.401 3.33333333333
2028.8871479 12.408 3.33333333333
2031.29043198 12.416 3.33333333333
2033.68628097 12.423 3.33333333333
2036.09176397 12.43 3.33333333333
2038.49570203 12.438 3.33333333333
2040.89527988 12.445 3.33333333333
2043.28628302 12.453 3.33333333333
2045.69170904 12.46 3.33333333333
2048.08607507 12.467 3.33333333333
2050.49800587 12.474 3.33333333333
2052.89990187 12.481 3.33333333333
2055.29111195 12.488 3.33333333333
2057.69539404 12.495 3.33333333333
2060.09290504 12.503 3.33333333333
2062.49957204 12.51 3.33333333333
2064.89416289 12.517 3.33333333333
2067.29274487 12.525 3.33333333333
2069.69698787 12.532 3.33333333333
2072.09127402 12.539 3.33333333333
2074.4943459 12.546 3.33333333333
2076.89523602 12.553 3.33333333333
2079.3015461 12.56 3.33333333333
2081.69618201 12.567 3.33333333333
2084.0905149 12.574 3.33333333333
2086.49607086 12.581 3.33333333333
2088.89219809 12.588 3.33333333333
2091.28856397 12.595 3.33333333333
2093.69614291 12.602 3.33333333333
2096.08979487 12.609 3.33333333333
2098.49629498 12.616 3.33333333333
2100.89343309 12.622 3.33333333333
2103.288064 12.629 3.33333333333
2105.7008419 12.636 3.33333333333
2108.0961051 12.643 3.33333333333
2110.50008893 12.649 3.88888888889
2112.89526987 12.656 3.88888888889
2115.28800106 12.666 3.88888888889
2117.69430494 12.676 3.88888888889
2120.08966208 12.687 3.88888888889
2122.49185109 12.698 3.88888888889
2124.89405203 12.709 3.88888888889
2127.30075192 12.721 3.88888888889
2129.69685698 12.732 3.88888888889
2132.09377909 12.743 3.88888888889
2134.49154496 12.754 3.88888888889
2136.89438295 12.765 3.88888888889
2139.30021191 12.775 3.88888888889
2141.6941309 12.787 3.88888888889
2144.09558797 12.797 3.88888888889
2146.48575687 12.808 3.88888888889
2148.89919305 12.819 3.88888888889
2151.28580189 12.829 3.88888888889
2153.68456793 12.84 3.88888888889
2156.09479594 12.85 3.88888888889
2158.4975729 12.861 3.88888888889
2160.89187002 12.871 3.88888888889
2163.29567099 12.881 3.88888888889
2165.68953609 12.891 3.88888888889
2168.08344197 12.901 3.88888888889
2170.49007201 12.911 3.88888888889
2172.89569902 12.921 3.88888888889
2175.29007006 12.931 3.88888888889
2177.69650292 12.941 3.88888888889
2180.08965802 12.951 3.88888888889
2182.4931891 12.961 3.88888888889
2184.89250088 12.97 3.88888888889
2187.28938603 12.98 3.88888888889
2189.69722009 12.989 3.88888888889
2192.09152198 12.999 3.88888888889
2194.48392987 13.009 3.88888888889
2196.88544297 13.018 3.88888888889
2199.28634405 13.028 3.88888888889
2201.68745399 13.038 3.88888888889
2204.08487105 13.047 3.88888888889
2206.49003291 13.057 3.88888888889
2208.89875889 13.066 3.88888888889
2211.29332709 13.076 3.88888888889
2213.68879509 13.085 3.88888888889
2216.09130502 13.094 3.88888888889
2218.48997402 13.103 3.88888888889
2220.89523196 13.112 3.88888888889
2223.29973507 13.122 3.88888888889
2225.69742393 13.131 3.88888888889
2228.09403706 13.14 3.88888888889
2230.49283099 13.149 3.88888888889
2232.90104294 13.157 3.88888888889
2235.29635406 13.166 3.88888888889
2237.69150901 13.175 3.88888888889
2240.09183192 13.184 3.88888888889
2242.48579788 13.193 3.88888888889
2244.89474797 13.202 3.88888888889
2247.29141498 13.21 3.88888888889
2249.69435 13.219 3.88888888889
2252.08862996 13.227 3.88888888889
2254.49438095 13.236 3.88888888889
2256.88519597 13.244 3.88888888889
2259.29672289 13.252 3.88888888889
2261.69013691 13.261 3.88888888889
2264.08506989 13.269 3.88888888889
2266.48300409 13.277 3.88888888889
2268.88806796 13.286 3.88888888889
2271.29803991 13.294 3.88888888889
2273.68532395 13.302 3.88888888889
2276.09147501 13.31 3.88888888889
2278.48610902 13.318 3.88888888889
2280.88993692 13.326 3.88888888889
2283.28842187 13.334 3.88888888889
2285.68945408 13.342 3.88888888889
2288.09357691 13.349 3.88888888889
2290.48770404 13.357 3.88888888889
2292.90124702 13.365 3.88888888889
2295.28666091 13.373 3.88888888889
2297.69296908 13.381 3.88888888889
2300.08859587 13.389 3.88888888889
2302.49172187 13.396 3.88888888889
2304.88597298 13.404 3.88888888889
2307.28959703 13.412 3.88888888889
2309.6844039 13.419 3.88888888889
2312.09247088 13.427 3.88888888889
2314.49962687 13.434 3.88888888889
2316.88780189 13.442 3.88888888889
2319.2926929 13.449 3.88888888889
2321.68741989 13.456 3.88888888889
2324.09270287 13.464 3.88888888889
2326.49983096 13.471 3.88888888889
2328.88477588 13.478 3.88888888889
2331.29392195 13.486 3.88888888889
2333.69986892 13.493 3.88888888889
2336.08484793 13.5 3.88888888889
2338.48516393 13.507 3.88888888889
2340.90090489 13.515 3.88888888889
2343.29744601 13.522 3.88888888889
2345.69407606 13.529 3.88888888889
2348.09440804 13.537 3.88888888889
2350.49029899 13.544 3.88888888889
2352.88392305 13.551 3.88888888889
2355.28789592 13.558 3.88888888889
2357.69215894 13.565 3.88888888889
2360.08800602 13.573 3.88888888889
2362.49708009 13.58 3.88888888889
2364.88433194 13.587 3.88888888889
2367.28829408 13.594 3.88888888889
2369.69416189 13.601 3.88888888889
2372.08629799 13.608 3.88888888889
2374.49575996 13.614 3.88888888889
2376.89018989 13.622 3.88888888889
2379.28860903 13.628 3.88888888889
2381.69019294 13.635 3.88888888889
2384.08707905 13.642 3.88888888889
2386.49343204 13.649 3.88888888889
2388.8891089 13.655 3.88888888889
2391.28403592 13.662 3.88888888889
2393.69925594 13.669 3.88888888889
2396.09711695 13.675 3.88888888889
2398.49095106 13.682 3.88888888889
2400.89236593 13.688 3.88888888889
2403.29210305 13.695 3.88888888889
2405.68644404 13.702 3.88888888889
2408.09070492 13.708 3.88888888889
2410.48609495 13.715 3.88888888889
2412.88497996 13.721 4.44444444444
2415.28859186 13.728 4.44444444444
2417.68669295 13.737 4.44444444444
2420.09335804 13.746 4.44444444444
2422.49258399 13.756 4.44444444444
2424.88714695 13.766 4.44444444444
2427.29120803 13.776 4.44444444444
2429.69403791 13.786 4.44444444444
2432.09782505 13.796 4.44444444444
2434.48412299 13.807 4.44444444444
2436.89498496 13.817 4.44444444444
2439.29441404 13.827 4.44444444444
2441.68993402 13.837 4.44444444444
2444.09535289 13.847 4.44444444444
2446.4897089 13.857 4.44444444444
2448.89688301 13.867 4.44444444444
2451.29259109 13.876 4.44444444444
2453.697896 13.886 4.44444444444
2456.08856201 13.896 4.44444444444
2458.485039 13.905 4.44444444444
2460.89519596 13.915 4.44444444444
2463.28972602 13.924 4.44444444444
2465.69250298 13.934 4.44444444444
2468.09817505 13.944 4.44444444444
2470.48899198 13.953 4.44444444444
2472.88524008 13.962 4.44444444444
2475.284899 13.971 4.44444444444
2477.69300389 13.981 4.44444444444
2480.09001994 13.99 4.44444444444
2482.49478197 13.999 4.44444444444
2484.89091396 14.008 4.44444444444
2487.29030395 14.018 4.44444444444
2489.68870687 14.027 4.44444444444
2492.08796406 14.037 4.44444444444
2494.49034595 14.046 4.44444444444
2496.88753986 14.055 4.44444444444
2499.2874949 14.064 4.44444444444
2501.68962908 14.073 4.44444444444
2504.0897119 14.082 4.44444444444
2506.48369694 14.091 4.44444444444
2508.89731002 14.1 4.44444444444
2511.29586887 14.109 4.44444444444
2513.69328499 14.118 4.44444444444
2516.08735299 14.127 4.44444444444
2518.49099803 14.136 4.44444444444
2520.89995599 14.145 4.44444444444
2523.28939986 14.153 4.44444444444
2525.68770599 14.162 4.44444444444
2528.08450198 14.17 4.44444444444
2530.49193907 14.179 4.44444444444
2532.88524604 14.188 4.44444444444
2535.29902506 14.196 4.44444444444
2537.69153309 14.205 4.44444444444
2540.09019995 14.213 4.44444444444
2542.50049591 14.222 4.44444444444
2544.90052199 14.23 4.44444444444
2547.28874493 14.238 4.44444444444
2549.69429898 14.246 4.44444444444
2552.09792495 14.255 4.44444444444
2554.48663497 14.263 4.44444444444
2556.89355302 14.271 4.44444444444
2559.28905296 14.279 4.44444444444
2561.68683696 14.287 4.44444444444
2564.08527803 14.295 4.44444444444
2566.48767996 14.303 4.44444444444
2568.885571 14.311 4.44444444444
2571.29140496 14.319 4.44444444444
2573.68809295 14.327 4.44444444444
2576.08722591 14.335 4.44444444444
2578.48852396 14.343 4.44444444444
2580.882725 14.35 4.44444444444
2583.28711891 14.358 4.44444444444
2585.69595194 14.366 4.44444444444
2588.08846402 14.373 4.44444444444
2590.49668288 14.381 4.44444444444
2592.89312387 14.389 4.44444444444
2595.29877806 14.396 4.44444444444
2597.68903303 14.404 4.44444444444
2600.08408594 14.411 4.44444444444
2602.48795199 14.419 4.44444444444
2604.88824201 14.426 4.44444444444
2607.28384805 14.433 4.44444444444
2609.69868207 14.441 4.44444444444
2612.09706092 14.448 4.44444444444
2614.49020004 14.456 4.44444444444
2616.89477706 14.463 4.44444444444
2619.29268599 14.47 4.44444444444
2621.68800688 14.477 4.44444444444
2624.09285998 14.484 4.44444444444
2626.49805689 14.492 4.44444444444
2628.88787103 14.499 4.44444444444
2631.28346205 14.506 4.44444444444
2633.68859196 14.513 4.44444444444
2636.08303809 14.521 4.44444444444
2638.49340892 14.528 4.44444444444
2640.88855696 14.535 4.44444444444
2643.28299999 14.543 4.44444444444
2645.69126987 14.55 4.44444444444
2648.08254194 14.557 4.44444444444
2650.48832703 14.564 4.44444444444
2652.89043307 14.571 4.44444444444
2655.28907609 14.578 4.44444444444
2657.69586897 14.585 4.44444444444
2660.08816504 14.592 4.44444444444
2662.49918199 14.599 4.44444444444
2664.89863491 14.606 4.44444444444
2667.29530787 14.613 4.44444444444
2669.69436789 14.62 4.44444444444
2672.08815694 14.627 4.44444444444
2674.48508286 14.634 4.44444444444
2676.88803697 14.641 4.44444444444
2679.29370189 14.647 4.44444444444
2681.68775392 14.654 4.44444444444
2684.09547591 14.661 4.44444444444
2686.48277187 14.667 4.44444444444
2688.88547897 14.674 4.44444444444
2691.29203105 14.681 4.44444444444
2693.69815993 14.688 4.44444444444
2696.09312987 14.694 4.44444444444
2698.48898602 14.701 4.44444444444
2700.8572979 1.47 4.44444444444
2703.29429197 14.714 4.44444444444
2705.6991601 14.72 4.44444444444
2708.09504294 14.727 4.44444444444
2710.48502898 14.733 4.44444444444
2712.88853693 14.74 4.44444444444
2715.29028988 14.746 5.0
2717.69685292 14.753 5.0
2720.08899403 14.761 5.0
2722.49019194 14.77 5.0
2724.89014387 14.779 5.0
2727.29084301 14.788 5.0
2729.69667602 14.797 5.0
2732.09853601 14.807 5.0
2734.48816705 14.816 5.0
2736.89657402 14.826 5.0
2739.28615808 14.835 5.0
2741.69739699 14.845 5.0
2744.09174109 14.854 5.0
2746.48836994 14.863 5.0
2748.87190199 1.4872 5.0
2751.29717898 14.882 5.0
2753.69541192 14.891 5.0
2756.0982399 14.9 5.0
2758.49262595 14.909 5.0
2760.89135909 14.918 5.0
2763.28938007 14.927 5.0
2765.69621897 14.936 5.0
2768.09316492 14.945 5.0
2770.4963479 14.954 5.0
2772.89617896 14.963 5.0
2775.29265404 14.971 5.0
2777.69344401 14.98 5.0
2780.09851599 14.989 5.0
2782.49537206 14.998 5.0
2784.88924694 15.006 5.0
2787.29088402 15.015 5.0
2789.69155598 15.024 5.0
2792.09590697 15.033 5.0
2794.48215699 15.042 5.0
2796.88741088 15.05 5.0
2799.29470587 15.059 5.0
2801.69593287 15.068 5.0
2804.08878207 15.077 5.0
2806.4973321 15.085 5.0
2808.89015388 15.094 5.0
2811.29337502 15.102 5.0
2813.67995 15.111 5.0
2816.09078693 15.119 5.0
2818.49848104 15.127 5.0
2820.89654207 15.136 5.0
2823.28538108 15.144 5.0
2825.69006109 15.152 5.0
2828.09556198 15.161 5.0
2830.49180102 15.168 5.0
2832.88972688 15.177 5.0
2835.29149508 15.185 5.0
2837.69668293 15.193 5.0
2840.10003805 15.201 5.0
2842.49136996 15.209 5.0
2844.89047289 15.217 5.0
2847.28694797 15.225 5.0
2849.69088006 15.233 5.0
2852.09234309 15.241 5.0
2854.48927093 15.249 5.0
2856.89779305 15.257 5.0
2859.29425597 15.264 5.0
2861.68788409 15.272 5.0
2864.086236 15.28 5.0
2866.49520493 15.288 5.0
2868.88403797 15.295 5.0
2871.29965687 15.303 5.0
2873.68929505 15.311 5.0
2876.08865309 15.318 5.0
2878.4954679 15.326 5.0
2880.89355588 15.333 5.0
2883.29288793 15.341 5.0
2885.69008708 15.348 5.0
2888.09102392 15.356 5.0
2890.4848249 15.363 5.0
2892.893574 15.37 5.0
2895.2957809 15.378 5.0
2897.69605398 15.385 5.0
2900.08698797 15.392 5.0
2902.49573493 15.399 5.0
2904.887115 15.406 5.0
2907.28806901 15.414 5.0
2909.68629003 15.421 5.0
2912.08582807 15.428 5.0
2914.48524809 15.435 5.0
2916.8878181 15.442 5.0
2919.28930902 15.449 5.0
2921.68428087 15.456 5.0
2924.08989191 15.463 5.0
2926.49537992 15.47 5.0
2928.88874102 15.477 5.0
2931.28872609 15.484 5.0
2933.6877079 15.491 5.0
2936.08628201 15.498 5.0
2938.48688889 15.505 5.0
2940.88289189 15.512 5.0
2943.29699802 15.519 5.0
2945.68285608 15.526 5.0
2948.08776999 15.533 5.0
2950.48417997 15.54 5.0
2952.88861394 15.547 5.0
2955.29638505 15.553 5.0
2957.68641996 15.56 5.0
2960.09169793 15.567 5.0
2962.49324107 15.574 5.0
2964.88998199 15.581 5.0
2967.289397 15.587 5.0
2969.68958998 15.594 5.0
2972.08785796 15.601 5.0
2974.49486089 15.608 5.0
2976.89191389 15.614 5.0
2979.29577589 15.621 5.0
2981.68678999 15.627 5.0
2984.09112787 15.634 5.0
2986.48771691 15.641 5.0
2988.890311 15.647 5.0
2991.2875011 15.654 5.0
2993.68745208 15.66 5.0
2996.09481406 15.667 5.0
2998.49054193 15.673 5.0
3000.889112 15.679 5.0
3003.297822 15.686 5.0
3005.69435692 15.692 5.0
3008.08863592 15.699 5.0
3010.49584794 15.705 5.0
3012.88922191 15.711 5.0
